# pressure temperature
0.000000000000000000e+00 1.380603810991651017e+03
1.000000000000000000e+09 1.497198157563196901e+03
2.000000000000000000e+09 1.635008519811019369e+03
3.000000000000000000e+09 1.758701322034861732e+03
4.000000000000000000e+09 1.864535035565017552e+03
5.000000000000000000e+09 1.951216814766440848e+03
6.000000000000000000e+09 2.020109731675961484e+03
7.000000000000000000e+09 2.074777228245194692e+03
8.000000000000000000e+09 2.118303435421465110e+03
9.000000000000000000e+09 2.153325071069661590e+03
1.000000000000000000e+10 2.182063836299907507e+03
1.100000000000000000e+10 2.207479621112091536e+03
1.200000000000000000e+10 2.231157475285802320e+03
1.300000000000000000e+10 2.253420576498673654e+03
1.400000000000000000e+10 2.274570500606517726e+03
1.500000000000000000e+10 2.294849094274812160e+03
1.600000000000000000e+10 2.314457587684772079e+03
1.700000000000000000e+10 2.333554778853327662e+03
1.800000000000000000e+10 2.352257848916565308e+03
1.900000000000000000e+10 2.370651534299421201e+03
2.000000000000000000e+10 2.388786914755924499e+03
2.100000000000000000e+10 2.406691082642400033e+03
2.200000000000000000e+10 2.424369062409238268e+03
2.300000000000000000e+10 2.441811781284449353e+03
2.400000000000000000e+10 2.459000933133366743e+03
2.500000000000000000e+10 2.475916113223605862e+03
2.600000000000000000e+10 2.492542129162602578e+03
2.700000000000000000e+10 2.508874491504824164e+03
2.800000000000000000e+10 2.524930250449320738e+03
2.900000000000000000e+10 2.540885582717719899e+03
3.000000000000000000e+10 2.556840906876260760e+03
3.100000000000000000e+10 2.572796224207333125e+03
3.200000000000000000e+10 2.588751540807048514e+03
3.300000000000000000e+10 2.604706865006293810e+03
3.400000000000000000e+10 2.620662187554496541e+03
3.500000000000000000e+10 2.636617508800334235e+03
3.600000000000000000e+10 2.652572833008458019e+03
3.700000000000000000e+10 2.668528158293107936e+03
3.800000000000000000e+10 2.684483483094426902e+03
3.900000000000000000e+10 2.700438808253530169e+03
4.000000000000000000e+10 2.716394134112687425e+03
4.100000000000000000e+10 2.732349459623030270e+03
4.200000000000000000e+10 2.748304785062945484e+03
4.300000000000000000e+10 2.764260111253138348e+03
4.400000000000000000e+10 2.780215437306707372e+03
4.500000000000000000e+10 2.796170763134507069e+03
4.600000000000000000e+10 2.812126089846230570e+03
4.700000000000000000e+10 2.828081417246514775e+03
4.800000000000000000e+10 2.844036744791240380e+03
4.900000000000000000e+10 2.859992071874070916e+03
5.000000000000000000e+10 2.875947397302238642e+03
5.100000000000000000e+10 2.891902720996576136e+03
5.200000000000000000e+10 2.907858043180207460e+03
5.300000000000000000e+10 2.923813364643211116e+03
5.400000000000000000e+10 2.939768687669065457e+03
5.500000000000000000e+10 2.955724012964727535e+03
5.600000000000000000e+10 2.971679336828836767e+03
5.700000000000000000e+10 2.987634659105142418e+03
5.800000000000000000e+10 3.003589980107271458e+03
5.900000000000000000e+10 3.019545302547569008e+03
6.000000000000000000e+10 3.035500627576657280e+03
6.100000000000000000e+10 3.051455951567203556e+03
6.200000000000000000e+10 3.067411274239618251e+03
6.300000000000000000e+10 3.083366595922701890e+03
6.400000000000000000e+10 3.099321919153662748e+03
6.500000000000000000e+10 3.115277244747728673e+03
6.600000000000000000e+10 3.131232569939267250e+03
6.700000000000000000e+10 3.147187894419801978e+03
6.800000000000000000e+10 3.163143218706109110e+03
6.900000000000000000e+10 3.179098544108432179e+03
7.000000000000000000e+10 3.195053871144084042e+03
7.100000000000000000e+10 3.211009197460840369e+03
7.200000000000000000e+10 3.226964522492142351e+03
7.300000000000000000e+10 3.242919846451366993e+03
7.400000000000000000e+10 3.258875170032387814e+03
7.500000000000000000e+10 3.274830493611306338e+03
7.600000000000000000e+10 3.290785815300627291e+03
7.700000000000000000e+10 3.306741134472225440e+03
7.800000000000000000e+10 3.322696451412201895e+03
7.900000000000000000e+10 3.338651766873459565e+03
8.000000000000000000e+10 3.354607081872206891e+03
8.100000000000000000e+10 3.370562395671989179e+03
8.200000000000000000e+10 3.386517708262075757e+03
8.300000000000000000e+10 3.402473019433878108e+03
8.400000000000000000e+10 3.418428331280139901e+03
8.500000000000000000e+10 3.434383645466307826e+03
8.600000000000000000e+10 3.450338961289405233e+03
8.700000000000000000e+10 3.466294279082556386e+03
8.800000000000000000e+10 3.482249599514637794e+03
8.900000000000000000e+10 3.498204923143261112e+03
9.000000000000000000e+10 3.514160251177226201e+03
9.100000000000000000e+10 3.530115584806769220e+03
9.200000000000000000e+10 3.546070923666919498e+03
9.300000000000000000e+10 3.562026263382545494e+03
9.400000000000000000e+10 3.577981602128398208e+03
9.500000000000000000e+10 3.593936939220505792e+03
9.600000000000000000e+10 3.609892274322037792e+03
9.700000000000000000e+10 3.625847607021785734e+03
9.800000000000000000e+10 3.641802937172747988e+03
9.900000000000000000e+10 3.657758263260624972e+03
1.000000000000000000e+11 3.673713584242852448e+03
1.010000000000000000e+11 3.689668901481049488e+03
1.020000000000000000e+11 3.705624216084323962e+03
1.030000000000000000e+11 3.721579529280257248e+03
1.040000000000000000e+11 3.737534842560583002e+03
1.050000000000000000e+11 3.753490157791467936e+03
1.060000000000000000e+11 3.769445475204914601e+03
1.070000000000000000e+11 3.785400795362819281e+03
1.080000000000000000e+11 3.801356119188154480e+03
1.090000000000000000e+11 3.817311446398033240e+03
1.100000000000000000e+11 3.833266776378791747e+03
1.110000000000000000e+11 3.849222108803781794e+03
1.120000000000000000e+11 3.865177443404661972e+03
1.130000000000000000e+11 3.881132778173896440e+03
1.140000000000000000e+11 3.897088111937336180e+03
1.150000000000000000e+11 3.913043443717264836e+03
1.160000000000000000e+11 3.928998772566184016e+03
1.170000000000000000e+11 3.944954097654026555e+03
1.180000000000000000e+11 3.960909419449505094e+03
1.190000000000000000e+11 3.976864739182440644e+03
1.200000000000000000e+11 3.992820056829777059e+03
1.210000000000000000e+11 4.008775373051083989e+03
1.220000000000000000e+11 4.024730688447552438e+03
1.230000000000000000e+11 4.040686003518026155e+03
1.240000000000000000e+11 4.056641318687524745e+03
1.250000000000000000e+11 4.072596635442204843e+03
1.260000000000000000e+11 4.088551954999191821e+03
1.270000000000000000e+11 4.104507277192665242e+03
1.280000000000000000e+11 4.120462601479113800e+03
1.290000000000000000e+11 4.136417927276473165e+03
1.300000000000000000e+11 4.152373253996142012e+03
1.310000000000000000e+11 4.168328581050556750e+03
1.320000000000000000e+11 4.184283907771141457e+03
1.330000000000000000e+11 4.200239233287665229e+03
1.340000000000000000e+11 4.216194556882785946e+03
1.350000000000000000e+11 4.232149877880732674e+03
1.360000000000000000e+11 4.248105196353464635e+03
1.370000000000000000e+11 4.264060513018356687e+03